name: Job_scrapper
channels:
  - conda-forge
  - defaults
dependencies:
  - async_generator=1.10=py_0
  - attrs=22.1.0=pyh71513ae_1
  - beautifulsoup4=4.11.1=pyha770c72_0
  - brotlipy=0.7.0=py310he2412df_1004
  - bzip2=1.0.8=h8ffe710_4
  - ca-certificates=2022.12.7=h5b45459_0
  - certifi=2022.12.7=pyhd8ed1ab_0
  - cffi=1.15.1=py310hcbf9ad4_0
  - charset-normalizer=2.1.1=pyhd8ed1ab_0
  - click=8.1.3=win_pyhd8ed1ab_2
  - colorama=0.4.6=pyhd8ed1ab_0
  - cryptography=37.0.4=py310ha857299_0
  - h11=0.13.0=pyhd8ed1ab_1
  - idna=3.3=pyhd8ed1ab_0
  - intel-openmp=2022.1.0=h57928b3_3787
  - libblas=3.9.0=16_win64_mkl
  - libcblas=3.9.0=16_win64_mkl
  - libffi=3.4.2=h8ffe710_5
  - libiconv=1.16=he774522_0
  - liblapack=3.9.0=16_win64_mkl
  - libsqlite=3.39.2=h8ffe710_1
  - libxml2=2.9.14=hf5bbc77_4
  - libxslt=1.1.35=h34f844d_0
  - libzlib=1.2.12=h8ffe710_2
  - lxml=4.9.1=py310he2412df_0
  - mkl=2022.1.0=h6a75c08_874
  - numpy=1.23.2=py310h8a5b91a_0
  - openssl=1.1.1s=hcfcfb64_1
  - outcome=1.2.0=pyhd8ed1ab_0
  - packaging=22.0=pyhd8ed1ab_0
  - pandas=1.4.4=py310h1c4a608_0
  - pip=22.2.2=pyhd8ed1ab_0
  - pycparser=2.21=pyhd8ed1ab_0
  - pyopenssl=22.0.0=pyhd8ed1ab_0
  - pysocks=1.7.1=pyh0701188_6
  - python=3.10.6=h9a09f29_0_cpython
  - python-dateutil=2.8.2=pyhd8ed1ab_0
  - python-dotenv=0.21.0=pyhd8ed1ab_0
  - python_abi=3.10=2_cp310
  - pytz=2022.2.1=pyhd8ed1ab_0
  - requests=2.28.1=pyhd8ed1ab_1
  - selenium=4.4.0=pyhd8ed1ab_0
  - setuptools=65.3.0=pyhd8ed1ab_1
  - six=1.16.0=pyh6c4a22f_0
  - sniffio=1.3.0=pyhd8ed1ab_0
  - sortedcontainers=2.4.0=pyhd8ed1ab_0
  - soupsieve=2.3.2.post1=pyhd8ed1ab_0
  - tbb=2021.5.0=h2d74725_1
  - tk=8.6.12=h8ffe710_0
  - tqdm=4.64.1=pyhd8ed1ab_0
  - trio=0.21.0=py310h5588dad_0
  - trio-websocket=0.9.2=pyhd8ed1ab_0
  - typing_extensions=4.3.0=pyha770c72_0
  - tzdata=2022c=h191b570_0
  - ucrt=10.0.20348.0=h57928b3_0
  - urllib3=1.26.11=pyhd8ed1ab_0
  - vc=14.2=hb210afc_7
  - vs2015_runtime=14.29.30139=h890b9b1_7
  - webdriver-manager=3.8.5=pyhd8ed1ab_0
  - wheel=0.37.1=pyhd8ed1ab_0
  - win_inet_pton=1.1.0=py310h5588dad_4
  - wsproto=1.2.0=pyhd8ed1ab_0
  - xz=5.2.6=h8d14728_0
prefix: D:\Users\vigne\anaconda3\envs\Job_scrapper
